Data - [1, 2, 3, 4, 5]
Length - 5
++++++++++++++++++++++++++++++++++++++++++++
bruteforced - 
Result - 7
Max memory consumed - 6730856
***************************************
set optimized - 
Result - 7
Max memory consumed - 6730856
bruteforced wins
-------------------------------------------------------------------

Data - [0, 0, 0, 0, 0, 1]
Length - 6
++++++++++++++++++++++++++++++++++++++++++++
bruteforced - 
Result - 1
Max memory consumed - 6730856
***************************************
set optimized - 
Result - 1
Max memory consumed - 6730856
bruteforced wins
-------------------------------------------------------------------

Data - [1, 2, 3, 4, 5, 6, 7, 8, 9, 0]
Length - 10
++++++++++++++++++++++++++++++++++++++++++++
bruteforced - 
Result - 15
Max memory consumed - 6730856
***************************************
set optimized - 
Result - 15
Max memory consumed - 6730856
bruteforced wins
-------------------------------------------------------------------

Data - [1, 3, 5, 7, 9, 0, 41, 1, 2, 5, 4, 2, 1, 7, 9, 0, 7, 5, 7, 5, 3, 8, 0, 4, 2, 4, 7, 99, 44, 222, 11, 3, 4, 6, 8, 0, 0]
Length - 37
++++++++++++++++++++++++++++++++++++++++++++
bruteforced - 
Result - 255
Max memory consumed - 8073048
***************************************
set optimized - 
Result - 255
Max memory consumed - 8073048
bruteforced wins
-------------------------------------------------------------------

Data - [1, 3, 5, 7, 9, 0, 41, 1, 2, 5, 4, 2, 1, 7, 9, 0, 7, 5, 7, 5, 3, 8, 0, 4, 2, 4, 7, 99, 44, 222, 11, 3, 4, 6, 8, 0, 0, 1, 3, 5, 7, 9, 0, 41, 1, 2, 5, 4, 2, 1, 7, 9, 0, 7, 5, 7, 5, 3, 8, 0, 4, 2, 4, 7, 99, 44, 222, 11, 3, 4, 6, 8, 0, 0, 1, 3, 5, 7, 9, 0, 41, 1, 2, 5, 4, 2, 1, 7, 9, 0, 7, 5, 7, 5, 3, 8, 0, 4, 2, 4, 7, 99, 44, 222, 11, 3, 4, 6, 8, 0, 0, 1, 3, 5, 7, 9, 0, 41, 1, 2, 5, 4, 2, 1, 7, 9, 0, 7, 5, 7, 5, 3, 8, 0, 4, 2, 4, 7, 99, 44, 222, 11, 3, 4, 6, 8, 0, 0, 1, 3, 5, 7, 9, 0, 41, 1, 2, 5, 4, 2, 1, 7, 9, 0, 7, 5, 7, 5, 3, 8, 0, 4, 2, 4, 7, 99, 44, 222, 11, 3, 4, 6, 8, 0, 0, 1, 3, 5, 7, 9, 0, 41, 1, 2, 5, 4, 2, 1, 7, 9, 0, 7, 5, 7, 5, 3, 8, 0, 4, 2, 4, 7, 99, 44, 222, 11, 3, 4, 6, 8, 0, 0, 1, 3, 5, 7, 9, 0, 41, 1, 2, 5, 4, 2, 1, 7, 9, 0, 7, 5, 7, 5, 3, 8, 0, 4, 2, 4, 7, 99, 44, 222, 11, 3, 4, 6, 8, 0, 0, 1, 3, 5, 7, 9, 0, 41, 1, 2, 5, 4, 2, 1, 7, 9, 0, 7, 5, 7, 5, 3, 8, 0, 4, 2, 4, 7, 99, 44, 222, 11, 3, 4, 6, 8, 0, 0, 1, 3, 5, 7, 9, 0, 41, 1, 2, 5, 4, 2, 1, 7, 9, 0, 7, 5, 7, 5, 3, 8, 0, 4, 2, 4, 7, 99, 44, 222, 11, 3, 4, 6, 8, 0, 0, 1, 3, 5, 7, 9, 0, 41, 1, 2, 5, 4, 2, 1, 7, 9, 0, 7, 5, 7, 5, 3, 8, 0, 4, 2, 4, 7, 99, 44, 222, 11, 3, 4, 6, 8, 0, 0, 1, 3, 5, 7, 9, 0, 41, 1, 2, 5, 4, 2, 1, 7, 9, 0, 7, 5, 7, 5, 3, 8, 0, 4, 2, 4, 7, 99, 44, 222, 11, 3, 4, 6, 8, 0, 0, 1, 3, 5, 7, 9, 0, 41, 1, 2, 5, 4, 2, 1, 7, 9, 0, 7, 5, 7, 5, 3, 8, 0, 4, 2, 4, 7, 99, 44, 222, 11, 3, 4, 6, 8, 0, 0, 1, 3, 5, 7, 9, 0, 41, 1, 2, 5, 4, 2, 1, 7, 9, 0, 7, 5, 7, 5, 3, 8, 0, 4, 2, 4, 7, 99, 44, 222, 11, 3, 4, 6, 8, 0, 0, 1, 3, 5, 7, 9, 0, 41, 1, 2, 5, 4, 2, 1, 7, 9, 0, 7, 5, 7, 5, 3, 8, 0, 4, 2, 4, 7]
Length - 508
++++++++++++++++++++++++++++++++++++++++++++
bruteforced - 
Result - 255
Max memory consumed - 67936256
***************************************
set optimized - 
Result - 255
Max memory consumed - 28699840
set optimized wins
-------------------------------------------------------------------

