Data - [1, 2, 3, 4, 5]
Length - 5
++++++++++++++++++++++++++++++++++++++++++++
bruteforced - 
Time taken - 259282
Result - 7
***************************************
set optimized - 
Time taken - 501332
Result - 7
bruteforced wins
-------------------------------------------------------------------

Data - [0, 0, 0, 0, 0, 1]
Length - 6
++++++++++++++++++++++++++++++++++++++++++++
bruteforced - 
Time taken - 143589
Result - 1
***************************************
set optimized - 
Time taken - 52923
Result - 1
set optimized wins
-------------------------------------------------------------------

Data - [1, 2, 3, 4, 5, 6, 7, 8, 9, 0]
Length - 10
++++++++++++++++++++++++++++++++++++++++++++
bruteforced - 
Time taken - 221127
Result - 15
***************************************
set optimized - 
Time taken - 204308
Result - 15
set optimized wins
-------------------------------------------------------------------

Data - [1, 3, 5, 7, 9, 0, 41, 1, 2, 5, 4, 2, 1, 7, 9, 0, 7, 5, 7, 5, 3, 8, 0, 4, 2, 4, 7, 99, 44, 222, 11, 3, 4, 6, 8, 0, 0]
Length - 37
++++++++++++++++++++++++++++++++++++++++++++
bruteforced - 
Time taken - 11055986
Result - 255
***************************************
set optimized - 
Time taken - 489436
Result - 255
set optimized wins
-------------------------------------------------------------------

Data - [1, 3, 5, 7, 9, 0, 41, 1, 2, 5, 4, 2, 1, 7, 9, 0, 7, 5, 7, 5, 3, 8, 0, 4, 2, 4, 7, 99, 44, 222, 11, 3, 4, 6, 8, 0, 0, 1, 3, 5, 7, 9, 0, 41, 1, 2, 5, 4, 2, 1, 7, 9, 0, 7, 5, 7, 5, 3, 8, 0, 4, 2, 4, 7, 99, 44, 222, 11, 3, 4, 6, 8, 0, 0, 1, 3, 5, 7, 9, 0, 41, 1, 2, 5, 4, 2, 1, 7, 9, 0, 7, 5, 7, 5, 3, 8, 0, 4, 2, 4, 7, 99, 44, 222, 11, 3, 4, 6, 8, 0, 0, 1, 3, 5, 7, 9, 0, 41, 1, 2, 5, 4, 2, 1, 7, 9, 0, 7, 5, 7, 5, 3, 8, 0, 4, 2, 4, 7, 99, 44, 222, 11, 3, 4, 6, 8, 0, 0, 1, 3, 5, 7, 9, 0, 41, 1, 2, 5, 4, 2, 1, 7, 9, 0, 7, 5, 7, 5, 3, 8, 0, 4, 2, 4, 7, 99, 44, 222, 11, 3, 4, 6, 8, 0, 0, 1, 3, 5, 7, 9, 0, 41, 1, 2, 5, 4, 2, 1, 7, 9, 0, 7, 5, 7, 5, 3, 8, 0, 4, 2, 4, 7, 99, 44, 222, 11, 3, 4, 6, 8, 0, 0, 1, 3, 5, 7, 9, 0, 41, 1, 2, 5, 4, 2, 1, 7, 9, 0, 7, 5, 7, 5, 3, 8, 0, 4, 2, 4, 7, 99, 44, 222, 11, 3, 4, 6, 8, 0, 0, 1, 3, 5, 7, 9, 0, 41, 1, 2, 5, 4, 2, 1, 7, 9, 0, 7, 5, 7, 5, 3, 8, 0, 4, 2, 4, 7, 99, 44, 222, 11, 3, 4, 6, 8, 0, 0, 1, 3, 5, 7, 9, 0, 41, 1, 2, 5, 4, 2, 1, 7, 9, 0, 7, 5, 7, 5, 3, 8, 0, 4, 2, 4, 7, 99, 44, 222, 11, 3, 4, 6, 8, 0, 0, 1, 3, 5, 7, 9, 0, 41, 1, 2, 5, 4, 2, 1, 7, 9, 0, 7, 5, 7, 5, 3, 8, 0, 4, 2, 4, 7, 99, 44, 222, 11, 3, 4, 6, 8, 0, 0, 1, 3, 5, 7, 9, 0, 41, 1, 2, 5, 4, 2, 1, 7, 9, 0, 7, 5, 7, 5, 3, 8, 0, 4, 2, 4, 7, 99, 44, 222, 11, 3, 4, 6, 8, 0, 0, 1, 3, 5, 7, 9, 0, 41, 1, 2, 5, 4, 2, 1, 7, 9, 0, 7, 5, 7, 5, 3, 8, 0, 4, 2, 4, 7, 99, 44, 222, 11, 3, 4, 6, 8, 0, 0, 1, 3, 5, 7, 9, 0, 41, 1, 2, 5, 4, 2, 1, 7, 9, 0, 7, 5, 7, 5, 3, 8, 0, 4, 2, 4, 7, 99, 44, 222, 11, 3, 4, 6, 8, 0, 0, 1, 3, 5, 7, 9, 0, 41, 1, 2, 5, 4, 2, 1, 7, 9, 0, 7, 5, 7, 5, 3, 8, 0, 4, 2, 4, 7]
Length - 508
++++++++++++++++++++++++++++++++++++++++++++
bruteforced - 
Time taken - 1889516444
Result - 255
***************************************
set optimized - 
Time taken - 820512
Result - 255
set optimized wins
-------------------------------------------------------------------

